12955138(7999574793)
10634772012(8544020097)
4458793177(7603856912)
10296423038(8531385174)
10635963694(8663339494)
573524880(6432049694)
556458657(8509046461)
1209031125(8754674018)
10324766095(6149615562)
4119637377(1702901358)
3332430356(8414449018)
10177719848(6386218686)
2967588916(5866953098)
7998618748(10574012437)
10574012437(7998618748)
4779601980(5557562171)
4971418885(8650827412)
3448387589(8400713701)
9240490667(8245656755)
10661978981(7608043096)
10662804886(7931481684)
10512445497(1098401182)
4928779670(8011816558)
10313564206(7890517009)
3612249424(6111988336)
10626981672(7654591882)
8244232379(8210521095)
7633467959(7048210380)
3447307755(5760283511)
1773436237986(8401620552)
3647458027(7858686189)
3802880955(5779922527)
2202917161(5183426638)
8452209362(7689710777)
6138441545(1128317569)
3151696841(7069548370)
2249983920(5704336313)
8841795348(5362324845)
556388424(7357899129)
10655533971(8346912731)
